39
32
36
37
36
37
34
36
35
36
40
36
34
38
40
38
40
35
35
37
38
35
36
39
39
36
38
36
37
37
36
40
33
35
34
39
35
32
38
32
35
37
40
36
40
37
34
38
40
40
36
37
38
38
36
38
37
36
33
39
32
34
37
34
38
36
32
33
37
38
35
34
35
38
38
34
35
33
34
38
38
39
35
32
36
38
40
39
37
38
35
38
36
37
40
35
36
36
40
38
38
38
38
37
34
40
33
36
38
35
34
33
35
35
36
37
33
38
38
37
38
34
40
32
33
33
38
34
37
36
35
34
33
36
34
38
34
37
35
33
37
35
33
37
37
34
40
38
36
38
33
34
36
38
36
32
36
35
34
33
37
37
40
34
37
38
37
36
36
36
40
37
38
40
36
36
35
33
34
34
39
35
36
37
35
39
36
34
36
38
37
38
36
34
35
38
35
33
37
36
40
35
37
36
40
34
36
38
35
35
34
37
39
40
37
38
36
33
36
36
37
34
33
39
34
34
32
36
35
37
34
36
33
39
34
35
34
37
36
35
39
34
34
36
37
34
38
36
40
35
35
36
36
33
36
34
34
36
33
35
# stddev was 2.10908151859
# high upvote post:
20695
20692
20692
20690
20687
20688
20685
20695
20692
20690
20695
20688
20691
20691
20691
20689
20684
20695
20691
20697
20690
20691
20684
20688
20688
20685
20689
20692
20695
20687
20696
20694
20689
20688
20689
20687
20683
20691
20686
20693
20685
20686
20695
20692
20690
20697
20684
20690
20691
20687
20687
20694
20686
20693
20686
20687
20685
20692
20689
20691
20687
20689
20689
20698
20697
20689
20685
20689
20690
20695
20697
20685
20694
20684
20689
20686
20691
20692
20695
20688
20695
20690
20682
20695
20691
20685
20688
20688
20691
20685
20686
20690
# stddev was 3.76851133656
