# Time		Score
1541074230		1
1541080590		54
1541082930		171
1541083050		200
1541083290		226
1541083350		250
1541084070		430
1541084430		584
1541084490		622
1541084550		670
1541084710		686
1541084770		712
1541084730		726
1541084970		820
1541085270		994
1541085910		1113
# wrote a script
1541085502.2		1113
1541085512.68		1111
1541085523.37		1118
1541085533.78		1126
1541085544.22		1130
1541085554.65		1135
1541085565.54		1141
1541085576.42		1142
1541085586.83		1148
1541085597.7		1148
1541085612.88		1156
1541085623.31		1165
1541085634.34		1164
1541085652.56		1176
1541085663.47		1179
1541085673.91		1187
1541085684.37		1190
1541085695.19		1201
1541085705.65		1206
1541085794.02		1247
1541085804.52		1252
1541085815.47		1256
1541085826.36		1267
1541085842.35		1274
1541085853.29		1278
1541085863.74		1282
1541085874.17		1290
1541085885.1		1299
1541085896.02		1306
1541085913.05		1312
1541085942.69		1325
1541085953.13		1336
1541085963.89		1344
1541085974.77		1349
1541085992.07		1361
1541086003.09		1367
1541086013.58		1374
1541086024.52		1378
1541086035.38		1384
1541086045.81		1389
1541086056.31		1401
1541086067.23		1411
1541086077.58		1417
1541086088.56		1425
1541086102.55		1431
1541086113.43		1440
1541086124.3		1448
1541086134.74		1450
1541086145.08		1457
1541086155.93		1463
1541086166.85		1468
1541086177.28		1476
1541086192.75		1490
1541086203.19		1497
1541086214.79		1505
1541086232.82		1517
1541086243.28		1519
1541086254.33		1532
1541086265.19		1535
1541086275.67		1536
1541086286.06		1544
1541086302.92		1556
1541086313.81		1563
1541086324.48		1571
1541086341.93		1583
1541086353.2		1585
1541086371.97		1595
1541086382.43		1593
1541086393.27		1601
1541086404.11		1611
1541086415.04		1619
1541086432.22		1629
1541086442.67		1629
1541086453.58		1637
1541086463.93		1638
1541086474.94		1651
1541086485.82		1656
1541086496.71		1666
1541086512.71		1673
1541086523.6		1682
1541086534.46		1685
1541086544.93		1694
1541086555.4		1701
1541086566.29		1706
1541086583.03		1713
1541086594.09		1718
1541086604.58		1731
1541086623.12		1731
1541086633.56		1735
1541086653.21		1745
1541086663.69		1744
1541086674.56		1749
1541086692.63		1759
1541086703.49		1763
1541086714.33		1773
1541086725.18		1775
1541086743.26		1786
1541086753.97		1793
1541086764.89		1793
1541086775.31		1801
1541086786.2		1803
1541086796.66		1809
1541086812.17		1828
1541086822.63		1838
1541086833.69		1843
1541086844.84		1847
1541086855.73		1861
1541086866.25		1870
1541086876.66		1867
1541086887.18		1883
1541086897.61		1886
1541086908.02		1890
1541086918.98		1895
1541086933.29		1899
1541086944.25		1905
1541086962.58		1917
1541086973.02		1915
1541086983.62		1921
1541086994.5		1932
1541087005.4		1943
1541087016.64		1945
1541087027.09		1954
1541087037.97		1960
1541087048.88		1969
1541087062.81		1972
1541087073.34		1976
1541087084.16		1990
1541087095.04		1993
1541087112.91		2001
1541087123.34		2003
1541087133.76		2010
1541087144.6		2012
1541087155.56		2020
1541087172.51		2024
1541087182.96		2030
1541087193.44		2038
1541087204.64		2041
1541087215.14		2052
1541087225.5		2060
1541087236.38		2069
1541087246.89		2069
1541087258.11		2074
1541087269.01		2082
1541087279.91		2088
1541087291.14		2091
1541087302.91		2105
1541087313.8		2107
1541087324.8		2119
1541087335.69		2120
1541087346.48		2127
1541087356.93		2133
1541087367.49		2136
1541087382.55		2140
1541087393.97		2144
1541087404.46		2144
1541087422.62		2156
1541087433.72		2170
1541087444.79		2175
1541087462.15		2196
1541087473.56		2206
1541087483.99		2213
1541087494.51		2220
1541087512.96		2238
1541087523.77		2254
1541087534.68		2253
1541087545.52		2260
1541087562.31		2266
1541087572.79		2269
1541087583.6		2279
1541087594.07		2275
1541087604.51		2287
1541087615.34		2290
1541087626.02		2295
1541087636.76		2305
1541087647.23		2310
1541087662.64		2319
1541087673.3		2329
1541087683.78		2327
1541087694.25		2341
1541087704.72		2340
1541087721.28		2346
1541087732.58		2347
1541087745.08		2351
1541087762.63		2367
1541087781.85		2379
1541087802.3		2386
1541087822.66		2411
1541087842.95		2426
1541087854.3		2432
1541087870.09		2442
1541087885.64		2450
1541087902.73		2463
1541087918.32		2470
1541087934.33		2476
1541087952.85		2487
1541087968.94		2496
1541087984.79		2502
1541088004.21		2514
1541088022.76		2528
1541088042.92		2530
1541088062.95		2546
1541088083.34		2563
1541088102.56		2584
1541088123.55		2592
1541088143.81		2611
1541088162.34		2623
1541088182.61		2645
1541088203.85		2660
1541088219.32		2667
1541088235.09		2674
1541088253.69		2688
1541088273.41		2704
1541088292.88		2709
1541088314.13		2730
1541088332.72		2736
1541088352.64		2746
1541088373.6		2763
1541088392.75		2773
1541088408.89		2786
1541088424.62		2795
1541088442.73		2810
1541088463.04		2823
1541088483.52		2836
1541088501.96		2848
1541088522.9		2870
1541088543.39		2878
1541088562.87		2899
1541088582.69		2916
1541088603.73		2918
1541088623.69		2929
1541088643.2		2938
1541088663.34		2957
1541088682.56		2966
1541088698.1		2976
1541088724.03		2997
1541088743.16		3009
1541088764.3		3015
1541088782.46		3031
1541088803.32		3048
1541088819.42		3064
1541088835.3		3081
1541088853.35		3085
1541088873.49		3104
1541088888.94		3111
1541088904.74		3118
1541088922.98		3123
1541088943.56		3134
1541088963.23		3145
1541088982.43		3169
1541089002.95		3176
1541089022.52		3191
1541089041.79		3204
1541089062.59		3222
1541089078.04		3222
1541089093.62		3230
1541089113.33		3247
1541089133.81		3265
1541089153.09		3278
1541089173.43		3297
1541089189.01		3301
1541089204.67		3321
1541089222.71		3323
1541089241.85		3332
1541089263.47		3344
1541089282.9		3369
1541089301.97		3380
1541089324.21		3399
1541089339.94		3417
1541089362.87		3421
1541089383.66		3441
1541089403.09		3447
1541089423.79		3462
1541089443.08		3475
1541089462.25		3487
1541089482.71		3501
1541089502.72		3517
1541089523.14		3535
1541089543.42		3549
1541089562.62		3559
1541089581.9		3568
1541089603.37		3585
1541089623.2		3602
1541089639.22		3606
1541089654.72		3615
1541089670.41		3623
1541089685.94		3634
1541089702.71		3645
1541089718.21		3652
1541089733.73		3662
1541089752.82		3677
1541089772.95		3688
1541089793.24		3710
1541089813.52		3718
1541089832.59		3725
1541089852.74		3740
1541089873.08		3752
1541089893.23		3763
1541089913.38		3780
1541089932.55		3791
1541089953.11		3805
1541089973.26		3817
1541089993.38		3828
1541090009.14		3835
1541090024.76		3849
1541090043.01		3862
1541090058.69		3876
1541090074.29		3873
1541090093.2		3899
1541090113.63		3908
1541090132.61		3917
1541090152.69		3938
1541090173.11		3938
1541090192.1		3949
1541090213.36		3959
1541090233.53		3976
1541090251.75		3986
1541090272.96		3999
1541090293.03		4014
1541090313.12		4023
1541090333.27		4042
1541090351.4		4057
1541090371.91		4063
1541090390.92		4087
1541090411.02		4094
1541090431.21		4111
1541090451.42		4121
1541090470.37		4132
1541090490.46		4151
1541090510.53		4162
1541090526.03		4170
1541090541.97		4187
1541090560.98		4199
1541090580.4		4198
1541090600.59		4212
1541090620.66		4232
1541090641.03		4241
1541090661.22		4253
1541090681.48		4268
1541090700.4		4274
1541090720.85		4298
1541090741.51		4311
1541090760.65		4313
1541090780.76		4329
1541090800.91		4343
1541090816.6		4362
1541090832.13		4366
1541090851.12		4380
1541090871.24		4397
1541090891.36		4415
1541090906.87		4428
1541090922.4		4432
1541090940.24		4440
1541090955.76		4454
1541090971.52		4460
1541090990.6		4474
1541091010.88		4490
1541091030.96		4502
1541091051.29		4510
1541091070.36		4520
1541091090.42		4533
1541091105.96		4542
1541091121.58		4557
1541091140.63		4559
1541091160.77		4562
1541091180.92		4581
1541091196.46		4586
1541091211.98		4601
1541091230.99		4602
1541091251.19		4622
1541091271.3		4630
1541091290.65		4645
1541091310.76		4654
1541091331.18		4668
1541091350.46		4674
1541091370.63		4695
1541091390.09		4691
1541091411.37		4717
1541091431.47		4730
1541091450.51		4749
1541091469.75		4760
1541091485.45		4769
1541091500.95		4778
1541091516.47		4785
1541091532.03		4797
1541091550.96		4804
1541091566.51		4814
1541091582.05		4828
1541091597.59		4832
1541091620.55		4840
1541091636.14		4860
1541091651.67		4866
1541091670.64		4879
1541091690.85		4885
1541091711.44		4896
1541091731.65		4901
1541091750.88		4915
1541091771.14		4923
1541091790.14		4923
1541091810.55		4933
1541091826.76		4944
1541091842.37		4955
1541091861.71		4964
1541091880.83		4982
1541091901.1		4984
1541091921.25		4988
1541091941.53		5001
1541091960.7		5010
1541091981.19		5025
1541092010.99		5036
1541092026.66		5056
1541092042.32		5057
1541092060.28		5070
1541092081.85		5094
1541092101.3		5094
1541092121.62		5110
1541092141.06		5125
1541092160.21		5135
1541092176.54		5145
1541092192.61		5148
1541092211.7		5166
1541092228.02		5186
1541092243.78		5198
1541092259.61		5202
1541092281.42		5216
1541092300.43		5227
1541092320.65		5242
1541092340.36		5252
1541092356.05		5258
1541092381.61		5280
1541092400.67		5288
1541092416.37		5289
1541092432.16		5305
1541092451.26		5318
1541092467.1		5323
1541092482.81		5332
1541092501.6		5344
1541092521.07		5353
1541092540.26		5357
1541092560.89		5370
1541092580.22		5379
1541092596.04		5382
1541092611.74		5392
1541092630.87		5410
1541092651.12		5432
1541092671.42		5440
1541092690.55		5460
1541092711.37		5469
1541092730.69		5488
1541092750.94		5492
1541092771.48		5511
1541092790.57		5523
1541092810.84		5529
1541092831.66		5551
1541092862.39		5577
1541092900.07		5594
1541092930.81		5620
1541092961.47		5643
1541092992.13		5652
1541093022.89		5679
1541093053.54		5702
1541093084.17		5704
1541093120.57		5723
1541093151.31		5743
1541093182.33		5761
1541093213.01		5786
1541093250.65		5814
1541093281.75		5829
1541093312.51		5841
1541093343.17		5857
1541093374.01		5882
1541093410.64		5906
1541093441.33		5926
1541093472.0		5945
1541093502.79		5957
1541093533.51		5980
1541093569.95		6006
1541093600.86		6028
1541093631.74		6033
1541093662.85		6054
1541093693.68		6089
1541093731.88		6122
1541093762.68		6146
1541093793.51		6160
1541093824.28		6178
1541093860.81		6219
1541093900.76		6241
1541093931.59		6262
1541093962.35		6296
1541093993.07		6304
1541094030.1		6322
1541094061.54		6349
1541094092.5		6371
1541094123.31		6376
1541094161.12		6405
1541094191.97		6424
1541094222.86		6442
1541094260.56		6474
1541094291.36		6499
1541094322.42		6503
1541094361.5		6519
1541094392.29		6549
1541094423.37		6560
1541094454.05		6579
1541094490.51		6607
1541094521.23		6631
1541094552.19		6645
1541094591.09		6674
1541094621.81		6689
1541094652.65		6709
1541094683.34		6725
1541094714.02		6756
1541094744.72		6776
1541094780.4		6795
1541094811.06		6806
1541094842.06		6829
1541094872.8		6842
1541094910.52		6872
1541094941.24		6893
1541094971.99		6917
1541095003.06		6931
1541095040.62		6943
1541095071.49		6973
1541095102.16		6986
1541095133.0		7004
1541095163.93		7019
1541095194.68		7047
1541095231.26		7073
1541095262.07		7111
1541095292.75		7126
1541095330.42		7141
1541095361.87		7165
1541095400.6		7189
1541095431.23		7194
1541095461.86		7215
1541095492.65		7235
1541095530.19		7249
1541095561.21		7259
1541095592.06		7271
1541095623.11		7292
1541095653.82		7310
1541095691.36		7321
1541095722.06		7340
1541095752.74		7361
1541095791.63		7380
1541095822.53		7407
1541095853.37		7418
1541095884.12		7432
1541095914.87		7463
1541095951.54		7487
1541095990.51		7507
1541096021.46		7542
1541096052.19		7552
1541096083.01		7579
1541096121.71		7598
1541096152.45		7617
1541096190.28		7637
1541096221.14		7658
1541096251.96		7686
1541096282.75		7699
1541096313.68		7714
1541096344.34		7749
1541096375.52		7759
1541096411.0		7786
1541096441.97		7808
1541096472.73		7826
1541096503.57		7852
1541096540.24		7877
1541096570.99		7882
1541096601.77		7896
1541096632.79		7925
1541096663.56		7939
1541096694.23		7971
1541096731.55		7987
1541096770.71		7999
1541096801.69		8023
1541096832.43		8050
1541096863.25		8066
1541096899.98		8093
1541096930.87		8117
1541096962.24		8145
1541096993.11		8171
1541097031.08		8178
1541097061.8		8216
1541097100.53		8247
1541097131.27		8267
1541097162.08		8285
1541097192.8		8308
1541097223.69		8328
1541097254.4		8343
1541097291.44		8369
1541097322.21		8401
1541097361.47		8425
1541097400.82		8460
1541097431.68		8479
1541097462.58		8483
1541097493.51		8508
1541097531.19		8527
1541097561.94		8548
1541097601.01		8564
1541097631.82		8585
1541097662.58		8607
1541097693.39		8626
1541097724.09		8633
1541097760.55		8654
1541097791.25		8684
1541097822.3		8697
1541097853.11		8716
1541097891.14		8725
1541097922.04		8752
1541097952.77		8759
1541097983.46		8778
1541098014.69		8799
1541098050.05		8822
1541098080.8		8839
1541098111.52		8855
1541098142.5		8867
1541098181.7		8896
1541098221.0		8927
1541098252.3		8939
1541098283.19		8964
1541098313.93		8973
1541098344.75		8989
1541098381.58		9010
1541098412.34		9019
1541098443.35		9055
1541098481.21		9069
1541098511.94		9096
1541098551.52		9109
1541098582.27		9123
1541098613.03		9135
1541098643.76		9156
1541098680.5		9188
1541098711.24		9207
1541098742.52		9229
1541098773.33		9242
1541098810.46		9273
1541098841.48		9293
1541098872.53		9312
1541098903.87		9328
1541098940.53		9345
1541098971.34		9359
1541099002.25		9384
1541099033.15		9394
1541099064.22		9408
1541099100.81		9422
1541099131.62		9442
1541099171.08		9480
1541099201.94		9496
1541099232.8		9521
1541099263.93		9538
1541099294.84		9558
1541099325.56		9575
1541099360.99		9593
1541099391.74		9599
1541099422.76		9620
1541099459.53		9643
1541099491.54		9652
1541099531.06		9689
1541099561.9		9703
1541099592.78		9715
1541099623.86		9724
1541099660.6		9757
1541099691.51		9762
1541099731.6		9795
1541099762.99		9816
1541099793.9		9810
1541099824.75		9822
1541099855.48		9847
1541099891.27		9862
1541099922.02		9880
1541099961.44		9907
1541099992.24		9919
1541100022.96		9949
1541100060.8		9976
1541100091.64		9988
1541100122.89		10002
1541100160.85		10024
1541100191.63		10039
1541100230.59		10056
1541100261.34		10069
1541100292.43		10082
1541100323.3		10104
1541100361.18		10123
1541100391.94		10138
1541100422.78		10156
1541100460.79		10181
1541100491.69		10192
1541100522.68		10201
1541100553.52		10222
1541100584.34		10237
1541100621.28		10259
1541100652.17		10273
1541100683.1		10305
1541100713.93		10319
1541100750.78		10336
1541100781.56		10356
1541100812.72		10378
1541100843.63		10383
1541100874.81		10400
1541100910.2		10420
1541100941.08		10431
1541100971.87		10437
1541101010.82		10456
1541101041.62		10484
1541101072.67		10489
1541101103.54		10507
1541101134.39		10525
1541101171.34		10545
1541101202.35		10566
1541101241.17		10586
1541101272.13		10602
1541101302.95		10614
1541101333.9		10624
1541101371.14		10649
1541101402.08		10673
1541101432.97		10684
1541101463.91		10709
1541101500.9		10719
1541101531.66		10745
1541101570.75		10754
1541101601.53		10759
1541101632.38		10780
1541101663.28		10786
1541101694.17		10806
1541101724.95		10831
1541101760.7		10859
1541101791.57		10866
1541101830.72		10888
1541101861.63		10900
1541101892.41		10924
1541101923.21		10928
1541101961.66		10959
1541101992.63		10982
1541102023.85		11000
1541102054.8		11004
1541102090.16		11013
1541102120.89		11049
1541102151.73		11051
1541102190.55		11084
1541102221.41		11096
1541102261.35		11122
1541102292.17		11144
1541102323.01		11163
1541102361.03		11192
1541102391.86		11207
1541102422.63		11220
1541102460.36		11237
1541102491.34		11244
1541102522.25		11265
1541102553.1		11273
1541102591.07		11289
1541102621.91		11312
1541102652.82		11318
1541102683.66		11330
1541102721.43		11354
1541102752.56		11366
1541102790.47		11389
1541102821.53		11403
1541102860.67		11433
1541102891.53		11454
1541102922.36		11474
1541102961.25		11495
1541102992.05		11509
1541103022.81		11528
1541103053.7		11536
1541103091.45		11554
1541103122.45		11578
1541103153.21		11588
1541103184.0		11605
1541103214.82		11615
1541103251.51		11620
1541103290.88		11645
1541103321.72		11659
1541103352.51		11675
1541103391.46		11691
1541103422.29		11712
1541103453.15		11733
1541103483.92		11748
1541103514.78		11765
1541103527.28		11769
1541103558.23		11781
1541103589.62		11792
1541103620.44		11804
1541103651.46		11822
1541103682.69		11829
1541103713.84		11858
1541103744.83		11857
1541103775.79		11875
1541103806.73		11889
1541103837.52		11906
1541103868.37		11910
1541103899.28		11936
1541103930.27		11945
1541103961.06		11956
1541103991.97		11961
1541104022.77		11977
1541104053.96		11987
1541104084.84		11999
1541104115.9		12012
1541104146.94		12013
1541104177.8		12032
1541104208.7		12040
1541104239.49		12055
1541104270.58		12070
1541104301.53		12088
1541104332.56		12092
1541104363.42		12096
1541104394.65		12114
1541104425.68		12124
1541104456.45		12140
1541104487.24		12161
1541104517.99		12190
1541104548.92		12200
1541104579.67		12210
1541104610.52		12232
1541104641.41		12238
1541104672.31		12256
1541104703.24		12281
1541104734.31		12288
1541104765.15		12305
1541104796.11		12319
1541104827.05		12319
1541104857.93		12339
1541104888.78		12349
1541104920.12		12359
1541104951.04		12369
1541104982.15		12386
1541105012.95		12399
1541105043.96		12410
1541105074.89		12419
1541105105.78		12438
1541105136.7		12445
1541105167.56		12463
1541105198.38		12469
1541105229.35		12480
1541105260.41		12492
1541105291.38		12515
1541105322.18		12519
1541105353.01		12535
1541105384.0		12541
1541105414.8		12571
1541105445.62		12581
1541105476.53		12589
1541105508.13		12604
1541105539.02		12620
1541105570.08		12636
1541105601.05		12640
1541105632.08		12659
1541105663.11		12673
1541105694.24		12680
1541105725.12		12700
1541105756.09		12701
1541105786.96		12732
1541105817.95		12733
1541105849.18		12747
1541105880.13		12757
1541105911.22		12777
1541105942.13		12792
1541105973.12		12798
1541106004.15		12806
1541106035.07		12828
1541106065.99		12836
1541106097.5		12858
1541106128.61		12866
1541106159.58		12873
1541106190.58		12879
1541106221.44		12898
1541106252.66		12913
1541106283.57		12921
1541106314.82		12932
1541106345.59		12946
1541106376.74		12956
1541106408.17		12974
1541106438.97		12987
1541106469.88		13010
1541106500.74		13027
1541106531.98		13038
1541106563.12		13053
1541106594.06		13064
1541106625.14		13074
1541106656.01		13092
1541106686.93		13103
1541106718.2		13112
1541106749.2		13124
1541106780.11		13143
1541106810.95		13155
1541106842.21		13163
1541106873.39		13188
1541106904.65		13207
1541106935.57		13207
1541106966.62		13225
1541106997.48		13235
1541107028.29		13252
1541107058.96		13270
1541107090.0		13284
1541107120.82		13293
1541107151.89		13306
1541107183.05		13318
1541107214.26		13323
1541107245.23		13330
1541107276.0		13346
1541107306.9		13361
1541107337.77		13362
1541107368.62		13385
1541107399.46		13401
1541107430.56		13401
1541107461.64		13412
1541107492.85		13420
1541107523.95		13436
1541107554.8		13450
1541107585.86		13468
1541107616.73		13475
1541107647.62		13484
1541107678.63		13489
1541107709.58		13493
1541107740.4		13512
1541107771.42		13528
1541107802.28		13549
1541107833.4		13550
1541107853.31		13560
1541107914.78		13585
1541107976.19		13597
1541108037.11		13620
1541108097.88		13633
1541108158.73		13661
1541108219.83		13683
1541108280.68		13712
1541108341.49		13725
1541108402.41		13756
1541108463.41		13778
1541108524.62		13801
1541108585.5		13813
1541108646.38		13833
1541108707.22		13860
1541108768.05		13881
1541108828.89		13893
1541108889.8		13918
1541108951.11		13947
1541109012.05		13959
1541109072.94		13990
1541109133.88		14015
1541109194.69		14056
1541109255.7		14069
1541109316.68		14097
1541109377.48		14123
1541109438.67		14149
1541109499.79		14174
1541109560.76		14190
1541109621.91		14223
1541109682.84		14244
1541109743.89		14267
1541109804.75		14282
1541109865.7		14306
1541109926.52		14324
1541109987.62		14338
1541110048.65		14353
1541110109.67		14371
1541110170.83		14404
1541110231.91		14427
1541110292.75		14463
1541110353.88		14472
1541110414.87		14499
1541110475.8		14529
1541110536.68		14561
1541110597.6		14582
1541110658.57		14591
1541110719.43		14630
1541110780.32		14651
1541110841.45		14655
1541110902.95		14684
1541110963.89		14698
1541111024.72		14709
1541111085.6		14730
1541111146.44		14748
1541111207.18		14774
1541111268.39		14793
1541111329.28		14822
1541111390.2		14838
1541111451.15		14870
1541111512.22		14891
1541111573.2		14901
1541111634.15		14934
1541111694.94		14954
1541111755.85		14960
1541111816.93		14991
1541111877.77		15014
1541111938.73		15022
1541111999.6		15042
1541112060.96		15056
1541112121.75		15070
1541112182.67		15095
1541112243.66		15111
1541112304.74		15133
1541112366.19		15140
1541112427.37		15171
1541112488.38		15188
1541112549.47		15211
1541112610.49		15224
1541112671.52		15252
1541112732.57		15274
1541112793.56		15299
1541112854.61		15311
1541112915.61		15330
1541112976.45		15348
1541113037.58		15376
# went to bed
1541142344.69		19282
1541142405.67		19284
1541142466.71		19291
1541142527.73		19286
1541142588.82		19283
1541142649.86		19290
1541142710.86		19298
1541142772.36		19293
1541142833.28		19289
1541142894.31		19298
1541142955.29		19296
1541143016.35		19299
1541143077.38		19302
1541143138.4		19303
1541143199.33		19297
1541143260.26		19304
1541143321.56		19306
1541143382.59		19300
1541143443.55		19305
1541143504.66		19307
1541143565.68		19306
1541143626.62		19309
1541143687.84		19302
1541143748.93		19309
1541143809.88		19316
1541143870.9		19309
1541143931.96		19311
1541143992.98		19312
1541144054.07		19311
1541144115.12		19315
1541144176.18		19312
1541144237.38		19309
1541144298.38		19317
1541144359.29		19315
1541144420.18		19312
1541144481.23		19317
1541144542.32		19320
1541144603.27		19323
1541144664.38		19319
1541144725.71		19326
1541144786.87		19323
1541144847.89		19330
1541154228.14		19495
1541154289.04		19490
1541154349.99		19492
1541154411.18		19494
1541154472.15		19498
1541154564.37		19491
1541154625.53		19497
1541154686.68		19492
1541154747.71		19498
1541154808.87		19501
1541154870.05		19502
1541154931.33		19502
1541154992.42		19513
1541155053.58		19507
1541155114.5		19511
1541155175.51		19513
1541155236.52		19509
1541155297.51		19513
1541155358.54		19519
1541155419.49		19520
1541155480.53		19515
1541155541.52		19517
